-2500.0 : -1250.0,-159.0 -159.0,1250.0
-2340.0 : -84.7,-84.7
-2260.0 : -35.8,-35.8
-2170.0 : 11.2,11.2
-2090.0 : 60.1,60.1
-2030.0 : 97.7,97.7
-1950.0 : 140.9,140.9
-1900.0 : 174.8,174.8
-1840.0 : 203.1,203.1
-1790.0 : 237.9,237.9
-1740.0 : 269.5,269.5
-1700.0 : 305.3,305.3
-1650.0 : 334.7,334.7
-1590.0 : 380.4,380.4
-1540.0 : 419.6,419.6
-1490.0 : 448.9,448.9
-1460.0 : 480.5,480.5
-1450.0 : 538.1,566.4 566.4,566.4
-1440.0 : 580.6,580.6
-1430.0 : 590.4,590.4
-1420.0 : 507.7,526.2 526.2,526.2
-1410.0 : 586.0,586.0
-1400.0 : 572.1,572.1
-1360.0 : 536.9,536.9
-1330.0 : 516.2,516.2
-1290.0 : 519.9,519.9
-1250.0 : 521.8,521.8
-1180.0 : 544.4,544.4
-1110.0 : 566.9,566.9
-1040.0 : 588.2,588.2
-1000.0 : 609.1,609.1
-950.0 : 637.8,637.8
-890.0 : 678.3,678.3
-840.0 : 708.3,708.3
-790.0 : 759.2,759.2
-760.0 : 795.8,795.8
-740.0 : 825.8,825.8
-710.0 : 868.9,868.9
-680.0 : 898.9,898.9
-640.0 : 944.6,944.6
-610.0 : 974.6,974.6
-590.0 : 1003.3,1003.3
-580.0 : 1030.7,1030.7
-540.0 : 1079.0,1079.0
-520.0 : 1110.4,1110.4
-510.0 : 1132.5,1132.5
-500.0 : 1149.5,1149.5
-490.0 : 1116.4,1116.4
-480.0 : 1184.8,1184.8
-460.0 : 1227.8,1227.8
-440.0 : 1193.1,1193.1
-430.0 : 1226.5,1226.5
-420.0 : 532.2,532.2
-400.0 : 981.0,981.0
-380.0 : 1087.1,1087.1
-370.0 : 1012.6,1012.6
-140.0 : 1055.5,1055.5
-120.0 : 1134.4,1134.4
-20.0 : 14.8,1143.4 1143.4,1143.4
-10.0 : 7.3,19.3
0.0 : 8.9,20.7
10.0 : 10.8,1069.0 1069.0,1069.0
20.0 : 12.8,14.2
40.0 : 1143.4,1143.4
70.0 : 1046.5,1046.5
120.0 : 1053.2,1053.2
240.0 : 525.4,525.4
410.0 : 425.5,425.5
430.0 : 969.8,969.8
460.0 : 1028.4,1028.4
470.0 : 956.2,956.2
480.0 : 450.5,450.5
540.0 : 956.2,956.2
550.0 : 1021.6,1021.6
560.0 : 480.3,480.3
590.0 : 369.1,369.1
600.0 : 402.0,402.0
610.0 : 355.0,355.0
620.0 : 392.6,392.6
660.0 : 510.1,510.1
670.0 : 690.1,690.1
730.0 : 705.8,705.8
740.0 : 206.1,206.1
770.0 : 168.5,676.5 676.5,676.5
800.0 : 649.5,649.5
820.0 : 121.5,494.4
840.0 : 639.8,639.8
850.0 : 74.5,583.7
860.0 : 220.2,405.1
870.0 : 312.7,312.7
880.0 : 519.5,519.5
890.0 : 24.4,24.4
920.0 : -22.6,596.2
950.0 : 32.2,217.1
970.0 : -2.3,-2.3
990.0 : 629.1,629.1
1000.0 : 58.8,58.8
1030.0 : 644.8,644.8
1050.0 : 716.0,716.0
1070.0 : 654.2,654.2
1080.0 : 743.3,743.3
1100.0 : 662.0,662.0
1140.0 : 621.5,621.5
1150.0 : 778.4,778.4
1230.0 : 794.0,794.0
1370.0 : 856.4,856.4
1510.0 : 920.7,920.7
2500.0 : -1250.0,1245.2 1245.2,1250.0
